{"m_type":"SkeletonAST"}{"m_bones_map":[{"m_binding_pose":{"m_location":{"x":0.0,"y":0.0,"z":0.0},"m_rotate":{"w":1.0,"x":0.0,"y":0.0,"z":0.0},"m_scale":{"x":1.0,"y":1.0,"z":1.0}},"m_index":0,"m_inverse_T_matrix":[0.0,0.0,0.0,0.0,0.0,0.0,0.0,0.0,0.0,0.0,0.0,0.0,0.0,0.0,0.0,0.0],"m_name":"","m_parent_index":0},{"m_binding_pose":{"m_location":{"x":0.0,"y":0.0,"z":0.0},"m_rotate":{"w":1.0,"x":0.0,"y":0.0,"z":0.0},"m_scale":{"x":1.0,"y":1.0,"z":1.0}},"m_index":1,"m_inverse_T_matrix":[1.0,0.0,0.0,0.0,0.0,1.0,0.0,0.0,0.0,0.0,1.0,0.0,0.0,0.0,0.0,1.0],"m_name":"root","m_parent_index":0},{"m_binding_pose":{"m_location":{"x":3.0999766739164857e-32,"y":0.7489790320396423,"z":-0.0028180624358356},"m_rotate":{"w":-0.7071009874343872,"x":-0.0028643396217375994,"y":0.0028643396217375994,"z":-0.7071009874343872},"m_scale":{"x":1.0,"y":1.0,"z":1.0}},"m_index":2,"m_inverse_T_matrix":[0.0,-1.0,0.0,0.0,0.9999672174453735,0.0,-0.008101509883999825,0.0,0.008101509883999825,0.0,0.9999671578407288,0.0,-0.7489316463470459,1.6286030302126164e-08,0.008885830640792847,1.0],"m_name":"pelvis","m_parent_index":1},{"m_binding_pose":{"m_location":{"x":0.11897055059671402,"y":4.000606754798005e-17,"z":0.027683444321155548},"m_rotate":{"w":-0.9980252981185913,"x":2.153245354472008e-35,"y":0.06281331181526184,"z":-4.940000315651278e-32},"m_scale":{"x":1.0,"y":1.0,"z":1.0}},"m_index":3,"m_inverse_T_matrix":[0.0,-1.0,0.0,0.0,0.9910606145858765,0.0,-0.13341201841831207,0.0,0.13341201841831207,0.0,0.9910606741905212,0.0,-0.8634104132652283,2.307177382476766e-08,0.09016703069210052,1.0],"m_name":"spine_01","m_parent_index":2},{"m_binding_pose":{"m_location":{"x":0.14500738680362701,"y":2.814328840362232e-17,"z":-0.012613417580723763},"m_rotate":{"w":-0.9929513931274414,"x":-1.3796497097337907e-34,"y":-0.11852239817380905,"z":2.4843367808018553e-32},"m_scale":{"x":1.0,"y":1.0,"z":1.0}},"m_index":4,"m_inverse_T_matrix":[-1.1920928955078125e-07,-1.0000001192092896,0.0,0.0,0.9946184754371643,-1.1920928955078125e-07,0.10360608249902725,0.0,-0.10360608249902725,0.0,0.9946184158325195,0.0,-1.0042780637741089,5.25581107524431e-08,-0.13746245205402374,1.0],"m_name":"spine_02","m_parent_index":3},{"m_binding_pose":{"m_location":{"x":0.12496108561754227,"y":9.725489198127905e-18,"z":-0.0032152440398931503},"m_rotate":{"w":-0.9991970658302307,"x":-5.1703531273742905e-33,"y":-0.04006483033299446,"z":2.4879029367886624e-32},"m_scale":{"x":1.0,"y":1.0,"z":1.0}},"m_index":5,"m_inverse_T_matrix":[0.0,-1.0,0.0,0.0,0.9831300973892212,0.0,0.18290792405605316,0.0,-0.18290792405605316,0.0,0.9831300377845764,0.0,-1.1148651838302612,1.9468807010980527e-08,-0.2242291271686554,1.0],"m_name":"spine_03","m_parent_index":4},{"m_binding_pose":{"m_location":{"x":0.21878692507743835,"y":4.1857229102882884e-18,"z":-5.165030597709119e-05},"m_rotate":{"w":-0.9824119806289673,"x":0.0,"y":0.1867261826992035,"z":0.0},"m_scale":{"x":1.0,"y":1.0,"z":1.0}},"m_index":6,"m_inverse_T_matrix":[0.0,-1.0,0.0,0.0,0.9816791415214539,0.0,-0.19054163992404938,0.0,0.19054163992404938,0.0,0.9816791415214539,0.0,-1.322899341583252,-2.4557747835274313e-08,0.28075093030929565,1.0],"m_name":"neck_01","m_parent_index":5},{"m_binding_pose":{"m_location":{"x":0.2571038603782654,"y":5.3937003364512264e-17,"z":-0.0014060672838240862},"m_rotate":{"w":-0.9954092502593994,"x":-6.135330031617738e-33,"y":-0.09571019560098648,"z":5.89921839960165e-34},"m_scale":{"x":1.0,"y":1.0,"z":1.0}},"m_index":7,"m_inverse_T_matrix":[5.960464477539063e-08,-0.9999999403953552,0.0,0.0,0.9999999403953552,5.960464477539063e-08,-1.7965177789847075e-08,0.0,1.7965177789847075e-08,0.0,1.0,0.0,-1.6048187017440796,-4.846240297950999e-09,-0.024068722501397133,1.0],"m_name":"head","m_parent_index":6},{"m_binding_pose":{"m_location":{"x":-0.028029002249240875,"y":-0.17216134071350098,"z":0.024456655606627464},"m_rotate":{"w":-0.09023649990558624,"x":0.2544368505477905,"y":0.023852160200476646,"z":0.96257483959198},"m_scale":{"x":1.0,"y":1.0,"z":1.0}},"m_index":8,"m_inverse_T_matrix":[0.16158097982406616,0.9825769066810608,-0.09183795750141144,0.0,-0.8542385697364807,0.18585646152496338,0.48552435636520386,0.0,0.49413371086120605,0.0,0.8693859577178955,0.0,1.2951585054397583,-0.46221837401390076,-0.7919461727142334,1.0],"m_name":"Hair01_l","m_parent_index":7},{"m_binding_pose":{"m_location":{"x":0.17107461392879486,"y":-1.4210854397564648e-16,"z":0.0},"m_rotate":{"w":-0.9794586300849915,"x":-0.019423434510827065,"y":0.19947078824043274,"z":-0.022246886044740677},"m_scale":{"x":1.0,"y":1.0,"z":1.0}},"m_index":9,"m_inverse_T_matrix":[0.147804856300354,0.9698899984359741,-0.19356459379196167,0.0,-0.5886189937591553,0.24354368448257446,0.7708529233932495,0.0,0.794783890247345,-2.9802322387695313e-08,0.6068925857543945,0.0,0.7068231701850891,-0.5422137975692749,-1.1448992490768433,1.0],"m_name":"Hair02_l","m_parent_index":8},{"m_binding_pose":{"m_location":{"x":0.17868711054325104,"y":1.4210854397564648e-16,"z":-4.2632563192693945e-16},"m_rotate":{"w":-0.6603058576583862,"x":-0.25249502062797546,"y":-0.3704017400741577,"z":-0.602532148361206},"m_scale":{"x":1.0,"y":1.0,"z":1.0}},"m_index":10,"m_inverse_T_matrix":[0.9888845682144165,-0.09891165047883987,0.1110125258564949,0.0,0.0971120223402977,0.9950408339500427,0.021516090258955956,0.0,-0.11259018629789352,-0.01049627922475338,0.9935860633850098,0.0,-0.3214484751224518,-1.2936369180679321,-0.3269440829753876,1.0],"m_name":"Hair03_l","m_parent_index":9},{"m_binding_pose":{"m_location":{"x":-0.028028786182403564,"y":0.17216099798679352,"z":0.024456650018692017},"m_rotate":{"w":0.023852160200476646,"x":-0.96257483959198,"y":0.09023649990558624,"z":0.2544368505477905},"m_scale":{"x":1.0,"y":1.0,"z":1.0}},"m_index":11,"m_inverse_T_matrix":[0.16158097982406616,0.9825769066810608,-0.09183795750141144,0.0,0.8542385697364807,-0.18585646152496338,-0.48552435636520386,0.0,-0.49413371086120605,0.0,-0.8693859577178955,0.0,-1.2951586246490479,0.46221813559532166,0.791946291923523,1.0],"m_name":"Hair01_r","m_parent_index":7},{"m_binding_pose":{"m_location":{"x":-0.17107589542865753,"y":-3.0212822821340524e-07,"z":8.785042950876232e-07},"m_rotate":{"w":-0.9794586300849915,"x":-0.019423434510827065,"y":0.19947078824043274,"z":-0.022246886044740677},"m_scale":{"x":1.0,"y":1.0,"z":1.0}},"m_index":12,"m_inverse_T_matrix":[0.147804856300354,0.9698899984359741,-0.19356459379196167,0.0,0.5886189937591553,-0.24354374408721924,-0.7708529233932495,0.0,-0.794783890247345,2.9802322387695313e-08,-0.6068925857543945,0.0,-0.7068225741386414,0.5422136783599854,1.1448981761932373,1.0],"m_name":"Hair02_r","m_parent_index":11},{"m_binding_pose":{"m_location":{"x":-0.17868824303150177,"y":1.6755336673668353e-07,"z":8.691310995345702e-07},"m_rotate":{"w":-0.6603058576583862,"x":-0.25249502062797546,"y":-0.3704017400741577,"z":-0.602532148361206},"m_scale":{"x":1.0,"y":1.0,"z":1.0}},"m_index":13,"m_inverse_T_matrix":[0.9888845682144165,-0.09891165047883987,0.1110125258564949,0.0,-0.0971120223402977,-0.9950408935546875,-0.021516090258955956,0.0,0.11259018629789352,0.01049627922475338,-0.9935861825942993,0.0,0.3214486241340637,1.2936341762542725,0.3269442915916443,1.0],"m_name":"Hair03_r","m_parent_index":12},{"m_binding_pose":{"m_location":{"x":0.08485651016235352,"y":-0.09015219658613205,"z":0.034566957503557205},"m_rotate":{"w":-0.6145219206809998,"x":-0.2364683598279953,"y":-0.07529763132333755,"z":0.7488496899604797},"m_scale":{"x":1.0,"y":1.0,"z":1.0}},"m_index":14,"m_inverse_T_matrix":[0.8847579956054688,0.23338621854782104,0.40340322256088257,0.0,-0.21235468983650208,0.9723840951919556,-0.096822589635849,0.0,-0.41485995054244995,7.450580596923828e-09,0.9098852872848511,0.0,0.19527436792850494,-1.213978886604309,0.05057770758867264,1.0],"m_name":"clavicle_l","m_parent_index":5},{"m_binding_pose":{"m_location":{"x":0.12778380513191223,"y":1.4210854397564648e-16,"z":1.0658140798173486e-16},"m_rotate":{"w":-0.9691312909126282,"x":0.02532658912241459,"y":0.21673330664634705,"z":-0.11475969105958939},"m_scale":{"x":1.0,"y":1.0,"z":1.0}},"m_index":15,"m_inverse_T_matrix":[0.9999281764030457,-1.8027498299488798e-05,-0.011983128264546394,0.0,4.442471617949195e-05,0.9999975562095642,0.0022026030346751213,0.0,0.011983059346675873,-0.0022029774263501167,0.9999257922172546,0.0,-0.2030327022075653,-1.1997159719467163,0.017812106758356094,1.0],"m_name":"upperarm_l","m_parent_index":14},{"m_binding_pose":{"m_location":{"x":0.35128557682037354,"y":4.476221511140466e-05,"z":-0.015153151005506516},"m_rotate":{"w":-0.9999856948852539,"x":2.1683733256980381e-19,"y":-0.005354125984013081,"z":-1.1609910047256142e-21},"m_scale":{"x":1.0,"y":1.0,"z":1.0}},"m_index":16,"m_inverse_T_matrix":[0.9999991655349731,-1.8027498299488798e-05,-0.0012751102913171053,0.0,2.08364799618721e-05,0.9999975562095642,0.0022029527463018894,0.0,0.001275067450478673,-0.0022029774263501167,0.9999967813491821,0.0,-0.5546395182609558,-1.1997606754302979,0.027027677744627,1.0],"m_name":"lowerarm_l","m_parent_index":15},{"m_binding_pose":{"m_location":{"x":0.2314816564321518,"y":-1.4210854397564648e-16,"z":0.005878053605556488},"m_rotate":{"w":-0.7091127634048462,"x":0.7049404382705688,"y":-0.012007882818579674,"z":0.00859754253178835},"m_scale":{"x":1.0,"y":1.0,"z":1.0}},"m_index":17,"m_inverse_T_matrix":[0.9995697736740112,-0.003461463376879692,0.02912592515349388,0.0,-0.029112858697772026,0.0037668943405151367,0.999569296836853,0.0,-0.003569692373275757,-0.9999871253967285,0.0036644935607910156,0.0,-0.7509415149688721,-0.02458813786506653,-1.222023844718933,1.0],"m_name":"hand_l","m_parent_index":16},{"m_binding_pose":{"m_location":{"x":0.07761035859584808,"y":-0.08277135342359543,"z":-0.025736616924405098},"m_rotate":{"w":-0.6550189256668091,"x":-0.6840590834617615,"y":0.11959720402956009,"z":0.2978420555591583},"m_scale":{"x":1.0,"y":1.0,"z":1.0}},"m_index":18,"m_inverse_T_matrix":[0.7882436513900757,0.2550319731235504,-0.5600274801254272,0.0,-0.27589932084083557,0.9599458575248718,0.04882083460688591,0.0,0.5500469207763672,0.11602845788002014,0.8270343542098999,0.0,-0.39003387093544006,-1.3515801429748535,0.37694936990737915,1.0],"m_name":"thumb_01_l","m_parent_index":17},{"m_binding_pose":{"m_location":{"x":0.09421202540397644,"y":0.0008331405697390437,"z":0.005938507150858641},"m_rotate":{"w":-0.991553783416748,"x":0.02066658064723015,"y":-0.10592655092477798,"z":0.07192704826593399},"m_scale":{"x":1.0,"y":1.0,"z":1.0}},"m_index":19,"m_inverse_T_matrix":[0.8408811688423157,0.39264440536499023,-0.37249064445495605,0.0,-0.4180922508239746,0.9083024263381958,0.013621717691421509,0.0,0.3436826467514038,0.14428117871284485,0.9279359579086304,0.0,-0.34637317061424255,-1.4250760078430176,0.2243865728378296,1.0],"m_name":"thumb_02_l","m_parent_index":18},{"m_binding_pose":{"m_location":{"x":0.08910819888114929,"y":0.00058631447609514,"z":0.003770847339183092},"m_rotate":{"w":-0.9992261528968811,"x":-0.001028166152536869,"y":-0.02823139913380146,"z":0.027369190007448196},"m_scale":{"x":1.0,"y":1.0,"z":1.0}},"m_index":20,"m_inverse_T_matrix":[0.8378642797470093,0.43790727853775024,-0.3259151875972748,0.0,-0.467196524143219,0.88405442237854,-0.013234846293926239,0.0,0.2823311388492584,0.16335543990135193,0.9453063607215881,0.0,-0.3686988353729248,-1.4472553730010986,0.20085114240646362,1.0],"m_name":"thumb_03_l","m_parent_index":19},{"m_binding_pose":{"m_location":{"x":0.1647004783153534,"y":-0.06613762676715851,"z":0.014384210109710693},"m_rotate":{"w":-0.9945918917655945,"x":-0.07892335951328278,"y":-0.06573520600795746,"z":0.015393439680337906},"m_scale":{"x":1.0,"y":1.0,"z":1.0}},"m_index":21,"m_inverse_T_matrix":[0.9866483211517334,0.042075756937265396,0.15733620524406433,0.0,-0.16205556690692902,0.15742725133895874,0.9741432666778564,0.0,0.016218774020671844,-0.9866340160369873,0.16214394569396973,0.0,-0.7434598207473755,-0.1881311684846878,-1.3344308137893677,1.0],"m_name":"index_01_l","m_parent_index":17},{"m_binding_pose":{"m_location":{"x":0.09508546441793442,"y":-0.0062371669337153435,"z":0.006440825294703245},"m_rotate":{"w":-0.9980313181877136,"x":-0.0012414171360433102,"y":-0.06258219480514526,"z":0.003930287901312113},"m_scale":{"x":1.0,"y":1.0,"z":1.0}},"m_index":22,"m_inverse_T_matrix":[0.9589101672172546,0.050280459225177765,0.2792188823223114,0.0,-0.2836892604827881,0.15805989503860474,0.9458001255989075,0.0,0.003421872854232788,-0.9861487746238708,0.16582930088043213,0.0,-0.6630402207374573,-0.19125954806804657,-1.434565544128418,1.0],"m_name":"index_02_l","m_parent_index":21},{"m_binding_pose":{"m_location":{"x":0.06657951325178146,"y":-0.0034639392979443073,"z":0.01016678474843502},"m_rotate":{"w":-0.9995888471603394,"x":-0.019108133390545845,"y":0.0004085891996510327,"z":0.021374206990003586},"m_scale":{"x":1.0,"y":1.0,"z":1.0}},"m_index":23,"m_inverse_T_matrix":[0.9558843970298767,0.10182905942201614,0.2755284607410431,0.0,-0.29018646478652954,0.18182891607284546,0.9395373463630676,0.0,0.04557309299707413,-0.9780437350273132,0.2033568024635315,0.0,-0.7209252119064331,-0.27386757731437683,-1.4353142976760864,1.0],"m_name":"index_03_l","m_parent_index":22},{"m_binding_pose":{"m_location":{"x":0.17496220767498016,"y":0.03587838634848595,"z":0.029330482706427574},"m_rotate":{"w":-0.996295154094696,"x":0.002461961703374982,"y":-0.08587072044610977,"z":-0.004021219909191132},"m_scale":{"x":1.0,"y":1.0,"z":1.0}},"m_index":24,"m_inverse_T_matrix":[0.9797857403755188,-0.012015916407108307,0.19968843460083008,0.0,-0.19970521330833435,-0.0002008676528930664,0.9798562526702881,0.0,-0.01173379272222519,-0.9999279975891113,-0.0025964975357055664,0.0,-0.6985399723052979,-0.04737881198525429,-1.391631841659546,1.0],"m_name":"ring_01_l","m_parent_index":17},{"m_binding_pose":{"m_location":{"x":0.08391933888196945,"y":0.00010260604176437482,"z":0.0060671065002679825},"m_rotate":{"w":-0.9978434443473816,"x":-0.016030730679631233,"y":-0.06238622963428497,"z":-0.012626701965928078},"m_scale":{"x":1.0,"y":1.0,"z":1.0}},"m_index":25,"m_inverse_T_matrix":[0.9467387199401855,-0.028032615780830383,0.3207802474498749,0.0,-0.3196912407875061,0.037323832511901855,0.946786642074585,0.0,-0.03851372003555298,-0.9989101886749268,0.026374101638793945,0.0,-0.6039581298828125,-0.07620745152235031,-1.4823921918869019,1.0],"m_name":"ring_02_l","m_parent_index":24},{"m_binding_pose":{"m_location":{"x":0.07046852260828018,"y":-0.003185730427503586,"z":0.011599205434322357},"m_rotate":{"w":-0.9999527931213379,"x":-3.469938710827777e-18,"y":3.372227949271162e-20,"z":0.009717949666082859},"m_scale":{"x":1.0,"y":1.0,"z":1.0}},"m_index":26,"m_inverse_T_matrix":[0.9471047520637512,-0.009627461433410645,0.3207802474498749,0.0,-0.32035624980926514,0.03110349178314209,0.9467867016792297,0.0,-0.0190926194190979,-0.999470055103302,0.02637404203414917,0.0,-0.6728800535202026,-0.08611537516117096,-1.4939913749694824,1.0],"m_name":"ring_03_l","m_parent_index":25},{"m_binding_pose":{"m_location":{"x":0.10304172337055206,"y":0.08783107250928879,"z":-0.0021862725261598825},"m_rotate":{"w":-0.9525536298751831,"x":0.047383349388837814,"y":0.20691101253032684,"z":-0.21813812851905823},"m_scale":{"x":1.0,"y":1.0,"z":1.0}},"m_index":27,"m_inverse_T_matrix":[0.9770435690879822,-0.21303962171077728,-8.700394182881155e-09,0.0,0.21303962171077728,0.9770435690879822,-2.9900224518542018e-09,0.0,9.137656853397402e-09,1.0678538053809916e-09,1.0,0.0,-0.4712621867656708,-1.2181203365325928,0.00974554568529129,1.0],"m_name":"Shoulder_l","m_parent_index":14},{"m_binding_pose":{"m_location":{"x":0.06505431979894638,"y":-0.04465257376432419,"z":0.12660300731658936},"m_rotate":{"w":-0.6336901783943176,"x":0.07836359739303589,"y":0.0647537112236023,"z":0.7668786644935608},"m_scale":{"x":1.0,"y":1.0,"z":1.0}},"m_index":28,"m_inverse_T_matrix":[0.024542510509490967,0.999686062335968,-0.0050687119364738464,0.0,-0.9790247082710266,0.02506047487258911,0.20219482481479645,0.0,0.20225834846496582,0.0,0.9793322086334229,0.0,1.2039802074432373,-0.3055192828178406,-0.3679777681827545,1.0],"m_name":"FrontGarment01_l","m_parent_index":27},{"m_binding_pose":{"m_location":{"x":0.4109317660331726,"y":-2.1316281596346973e-16,"z":-7.105427198782324e-17},"m_rotate":{"w":-0.9975147247314453,"x":-0.013630079105496407,"y":-0.0077607459388673306,"z":-0.06869034469127655},"m_scale":{"x":1.0,"y":1.0,"z":1.0}},"m_index":29,"m_inverse_T_matrix":[0.16158461570739746,0.9863795042037964,-0.030758298933506012,0.0,-0.9689804315567017,0.16448605060577393,0.1844492107629776,0.0,0.1869962215423584,1.4901161193847656e-08,0.9823606610298157,0.0,0.7485445737838745,-0.42143216729164124,-0.3460509479045868,1.0],"m_name":"FrontGarment02_l","m_parent_index":28},{"m_binding_pose":{"m_location":{"x":0.4161004424095154,"y":-1.4210854397564648e-16,"z":4.2632563192693945e-16},"m_rotate":{"w":-0.9999819397926331,"x":-0.0006605079397559166,"y":0.004943801090121269,"z":-0.003378872526809573},"m_scale":{"x":1.0,"y":1.0,"z":1.0}},"m_index":30,"m_inverse_T_matrix":[0.1679280400276184,0.9852234721183777,-0.033689647912979126,0.0,-0.965975821018219,0.1712740659713745,0.1937936246395111,0.0,0.19670018553733826,0.0,0.9804636836051941,0.0,0.326151967048645,-0.42411649227142334,-0.34874841570854187,1.0],"m_name":"FrontGarment03_l","m_parent_index":29},{"m_binding_pose":{"m_location":{"x":-0.015543150715529919,"y":-0.017991339787840843,"z":-0.15130315721035004},"m_rotate":{"w":-0.7040733695030212,"x":-0.09327222406864166,"y":-0.0941305160522461,"z":0.6976535320281982},"m_scale":{"x":1.0,"y":1.0,"z":1.0}},"m_index":31,"m_inverse_T_matrix":[0.21418392658233643,0.9750513434410095,0.05831260234117508,0.0,-0.940807044506073,0.22197997570037842,-0.2561391294002533,0.0,-0.26269301772117615,2.9802322387695313e-08,0.9648794531822205,0.0,1.1115974187850952,-0.46669259667396545,0.4695483148097992,1.0],"m_name":"RearGarment01_l","m_parent_index":27},{"m_binding_pose":{"m_location":{"x":0.3618328273296356,"y":-7.105427198782324e-17,"z":2.1316281596346973e-16},"m_rotate":{"w":-0.9999226927757263,"x":0.0032589908223599195,"y":-0.001586690777912736,"z":-0.011895868927240372},"m_scale":{"x":1.0,"y":1.0,"z":1.0}},"m_index":32,"m_inverse_T_matrix":[0.2371188998222351,0.9692792296409607,0.06536579132080078,0.0,-0.9344248175621033,0.24596351385116577,-0.2575896382331848,0.0,-0.2657538652420044,1.4901161193847656e-08,0.9640409350395203,0.0,0.7369244694709778,-0.48743772506713867,0.4687976837158203,1.0],"m_name":"RearGarment02_l","m_parent_index":31},{"m_binding_pose":{"m_location":{"x":0.40224742889404297,"y":1.3500311810035314e-15,"z":-1.4210854397564648e-16},"m_rotate":{"w":-0.9980502128601074,"x":-0.008643864654004574,"y":0.04832680523395538,"z":0.03854532539844513},"m_scale":{"x":1.0,"y":1.0,"z":1.0}},"m_index":33,"m_inverse_T_matrix":[0.16618233919143677,0.98567134141922,0.028906092047691345,0.0,-0.9710902571678162,0.16867762804031372,-0.1689133644104004,0.0,-0.17136886715888977,1.4901161193847656e-08,0.9852069616317749,0.0,0.4149402379989624,-0.45061084628105164,0.4406244456768036,1.0],"m_name":"RearGarment03_l","m_parent_index":32},{"m_binding_pose":{"m_location":{"x":0.42256981134414673,"y":-4.973799171496525e-16,"z":0.0},"m_rotate":{"w":-0.9999615550041199,"x":-0.0007257549441419542,"y":-0.007774940226227045,"z":0.003988468088209629},"m_scale":{"x":1.0,"y":1.0,"z":1.0}},"m_index":34,"m_inverse_T_matrix":[0.1578560471534729,0.987006664276123,0.02999383956193924,0.0,-0.9696581363677979,0.16068029403686523,-0.18424221873283386,0.0,-0.18666768074035645,7.450580596923828e-09,0.9824231266975403,0.0,-0.010893132537603378,-0.45004475116729736,0.44113409519195557,1.0],"m_name":"RearGarment04_l","m_parent_index":33},{"m_binding_pose":{"m_location":{"x":0.20547164976596832,"y":0.007935448549687862,"z":-0.006563590839505196},"m_rotate":{"w":-0.9942443370819092,"x":-2.0068718992972868e-31,"y":2.1625377084877676e-32,"z":0.10713642835617065},"m_scale":{"x":1.0,"y":1.0,"z":1.0}},"m_index":35,"m_inverse_T_matrix":[1.0,-1.7602630464352842e-08,-8.700393294702735e-09,0.0,1.7602630464352842e-08,1.0,-2.990022007764992e-09,0.0,8.700393294702735e-09,2.990022007764992e-09,1.0,0.0,-0.40000003576278687,-1.3420809507369995,0.016309138387441635,1.0],"m_name":"ShoulderPad_l","m_parent_index":27},{"m_binding_pose":{"m_location":{"x":0.08485808968544006,"y":0.09015219658613205,"z":0.03456725552678108},"m_rotate":{"w":-0.07529763132333755,"x":-0.7488496899604797,"y":0.6145219206809998,"z":-0.2364683598279953},"m_scale":{"x":1.0,"y":1.0,"z":1.0}},"m_index":36,"m_inverse_T_matrix":[0.8847579956054688,0.23338621854782104,0.40340322256088257,0.0,0.21235468983650208,-0.9723843336105347,0.096822589635849,0.0,0.41485995054244995,-7.450580596923828e-09,-0.9098855257034302,0.0,-0.1952746957540512,1.213980793952942,-0.05057784542441368,1.0],"m_name":"clavicle_r","m_parent_index":5},{"m_binding_pose":{"m_location":{"x":-0.1277848184108734,"y":4.373286174086388e-06,"z":-4.3712441311072325e-07},"m_rotate":{"w":-0.9691319465637207,"x":0.02530367486178875,"y":0.21673060953617096,"z":-0.11476433277130127},"m_scale":{"x":1.0,"y":1.0,"z":1.0}},"m_index":37,"m_inverse_T_matrix":[0.9999281764030457,-1.7642134480411187e-05,-0.011983108706772327,0.0,-4.3475101847434416e-05,-0.9999978542327881,-0.002155525144189596,0.0,-0.011983043514192104,0.00215589115396142,-0.9999260902404785,0.0,0.20303164422512054,1.1997126340866089,-0.01786862127482891,1.0],"m_name":"upperarm_r","m_parent_index":36},{"m_binding_pose":{"m_location":{"x":-0.3512856066226959,"y":-4.753658504341729e-05,"z":0.015153090469539165},"m_rotate":{"w":-0.9999856948852539,"x":0.0,"y":-0.005354125984013081,"z":0.0},"m_scale":{"x":1.0,"y":1.0,"z":1.0}},"m_index":38,"m_inverse_T_matrix":[0.9999991655349731,-1.7642132661421783e-05,-0.0012750918976962566,0.0,-2.0391036741784774e-05,-0.9999979734420776,-0.00215586693957448,0.0,-0.0012750509195029736,0.00215589115396142,-0.9999971389770508,0.0,0.5546391010284424,1.1997603178024292,-0.02708413265645504,1.0],"m_name":"lowerarm_r","m_parent_index":37},{"m_binding_pose":{"m_location":{"x":-0.23148168623447418,"y":-2.4632495296827983e-06,"z":-0.005878072697669268},"m_rotate":{"w":-0.7090961337089539,"x":0.704957127571106,"y":-0.01200752705335617,"z":0.00859766360372305},"m_scale":{"x":1.0,"y":1.0,"z":1.0}},"m_index":39,"m_inverse_T_matrix":[0.9995697736740112,-0.003461490385234356,0.029125923290848732,0.0,0.029112856835126877,-0.0037671327590942383,-0.9995691776275635,0.0,0.003569716587662697,0.999987006187439,-0.003664731979370117,0.0,0.7509415745735168,0.024588430300354958,1.2220262289047241,1.0],"m_name":"hand_r","m_parent_index":38},{"m_binding_pose":{"m_location":{"x":-0.0776105746626854,"y":0.08277135342359543,"z":0.025739816948771477},"m_rotate":{"w":-0.6550189256668091,"x":-0.6840590834617615,"y":0.11959720402956009,"z":0.2978420555591583},"m_scale":{"x":1.0,"y":1.0,"z":1.0}},"m_index":40,"m_inverse_T_matrix":[0.7882436513900757,0.2550319731235504,-0.5600274801254272,0.0,0.27589932084083557,-0.9599462747573853,-0.048820871859788895,0.0,-0.5500469207763672,-0.11602842807769775,-0.8270347118377686,0.0,0.39003434777259827,1.3515799045562744,-0.3769494295120239,1.0],"m_name":"thumb_01_r","m_parent_index":39},{"m_binding_pose":{"m_location":{"x":-0.09421141445636749,"y":-0.000836430408526212,"z":-0.005938760936260223},"m_rotate":{"w":-0.991553783416748,"x":0.02066658064723015,"y":-0.10592655092477798,"z":0.07192704826593399},"m_scale":{"x":1.0,"y":1.0,"z":1.0}},"m_index":41,"m_inverse_T_matrix":[0.8408812284469604,0.39264434576034546,-0.3724905550479889,0.0,0.41809219121932983,-0.9083026647567749,-0.013621747493743896,0.0,-0.3436826169490814,-0.14428111910820007,-0.9279361963272095,0.0,0.34637266397476196,1.4250787496566772,-0.2243863046169281,1.0],"m_name":"thumb_02_r","m_parent_index":40},{"m_binding_pose":{"m_location":{"x":-0.08910396695137024,"y":-0.0005860298406332731,"z":-0.0037717772647738457},"m_rotate":{"w":-0.9992261528968811,"x":-0.001028166152536869,"y":-0.02823139913380146,"z":0.027369190007448196},"m_scale":{"x":1.0,"y":1.0,"z":1.0}},"m_index":42,"m_inverse_T_matrix":[0.8378642797470093,0.43790724873542786,-0.3259151577949524,0.0,0.4671964943408966,-0.8840547800064087,0.013234816491603851,0.0,-0.28233110904693604,-0.16335538029670715,-0.9453067779541016,0.0,0.36869391798973083,1.4472576379776,-0.2008502185344696,1.0],"m_name":"thumb_03_r","m_parent_index":41},{"m_binding_pose":{"m_location":{"x":-0.16470009088516235,"y":0.06613759696483612,"z":-0.014380236156284809},"m_rotate":{"w":-0.9945918917655945,"x":-0.07892335951328278,"y":-0.06573520600795746,"z":0.015393439680337906},"m_scale":{"x":1.0,"y":1.0,"z":1.0}},"m_index":43,"m_inverse_T_matrix":[0.9866483211517334,0.042075734585523605,0.15733620524406433,0.0,0.16205555200576782,-0.15742754936218262,-0.9741432070732117,0.0,-0.01621875911951065,0.9866339564323425,-0.16214418411254883,0.0,0.7434597611427307,0.18813122808933258,1.3344292640686035,1.0],"m_name":"index_01_r","m_parent_index":39},{"m_binding_pose":{"m_location":{"x":-0.09508613497018814,"y":0.0062376647256314754,"z":-0.0064376723021268845},"m_rotate":{"w":-0.9980313181877136,"x":-0.0012414171360433102,"y":-0.06258219480514526,"z":0.003930287901312113},"m_scale":{"x":1.0,"y":1.0,"z":1.0}},"m_index":44,"m_inverse_T_matrix":[0.9589101672172546,0.05028042942285538,0.279218852519989,0.0,0.2836892306804657,-0.15806031227111816,-0.9458000659942627,0.0,-0.003421872854232788,0.9861487150192261,-0.16582965850830078,0.0,0.663041353225708,0.19125917553901672,1.434560775756836,1.0],"m_name":"index_02_r","m_parent_index":43},{"m_binding_pose":{"m_location":{"x":-0.06657834351062775,"y":0.0034622943494468927,"z":-0.010176367126405239},"m_rotate":{"w":-0.9995888471603394,"x":-0.019108133390545845,"y":0.0004085891996510327,"z":0.021374206990003586},"m_scale":{"x":1.0,"y":1.0,"z":1.0}},"m_index":45,"m_inverse_T_matrix":[0.9558843970298767,0.10182903707027435,0.2755284309387207,0.0,0.29018646478652954,-0.1818293333053589,-0.9395373463630676,0.0,-0.045573070645332336,0.9780437350273132,-0.20335721969604492,0.0,0.7209252119064331,0.27386903762817383,1.435319185256958,1.0],"m_name":"index_03_r","m_parent_index":44},{"m_binding_pose":{"m_location":{"x":-0.17496217787265778,"y":-0.035878393799066544,"z":-0.029331130906939507},"m_rotate":{"w":-0.996295154094696,"x":0.002461961703374982,"y":-0.08587072044610977,"z":-0.004021219909191132},"m_scale":{"x":1.0,"y":1.0,"z":1.0}},"m_index":46,"m_inverse_T_matrix":[0.9797857403755188,-0.0120159313082695,0.19968844950199127,0.0,0.19970521330833435,0.00020045042037963867,-0.9798562526702881,0.0,0.01173381507396698,0.9999279975891113,0.0025960206985473633,0.0,0.6985394954681396,0.04737921431660652,1.3916348218917847,1.0],"m_name":"ring_01_r","m_parent_index":39},{"m_binding_pose":{"m_location":{"x":-0.08392413705587387,"y":-0.00010261855641147122,"z":-0.0060622235760092735},"m_rotate":{"w":-0.9978434443473816,"x":-0.016030730679631233,"y":-0.06238622963428497,"z":-0.012626701965928078},"m_scale":{"x":1.0,"y":1.0,"z":1.0}},"m_index":47,"m_inverse_T_matrix":[0.9467387199401855,-0.02803264558315277,0.3207802176475525,0.0,0.31969118118286133,-0.03732407093048096,-0.9467865824699402,0.0,0.03851372003555298,0.998910129070282,-0.026374340057373047,0.0,0.6039626598358154,0.07620768994092941,1.4823907613754272,1.0],"m_name":"ring_02_r","m_parent_index":46},{"m_binding_pose":{"m_location":{"x":-0.07046179473400116,"y":0.003185414941981435,"z":-0.011602305807173252},"m_rotate":{"w":-0.9999527931213379,"x":2.69778235941693e-19,"y":-2.7759509686622216e-17,"z":0.009717949666082859},"m_scale":{"x":1.0,"y":1.0,"z":1.0}},"m_index":48,"m_inverse_T_matrix":[0.9471047520637512,-0.009627506136894226,0.3207802176475525,0.0,0.32035624980926514,-0.031103968620300293,-0.946786642074585,0.0,0.019092634320259094,0.9994699954986572,-0.026374459266662598,0.0,0.672877848148346,0.08611594885587692,1.4939931631088257,1.0],"m_name":"ring_03_r","m_parent_index":47},{"m_binding_pose":{"m_location":{"x":-0.10304313153028488,"y":-0.08782544732093811,"z":0.0021856320090591908},"m_rotate":{"w":-0.9525536298751831,"x":0.047383349388837814,"y":0.20691101253032684,"z":-0.21813812851905823},"m_scale":{"x":1.0,"y":1.0,"z":1.0}},"m_index":49,"m_inverse_T_matrix":[0.9770435690879822,-0.21303962171077728,-8.700394182881155e-09,0.0,-0.21303962171077728,-0.977043867111206,2.9900224518542018e-09,0.0,-9.137656853397402e-09,-1.0678538053809916e-09,-1.000000238418579,0.0,0.47126150131225586,1.2181164026260376,-0.009745550341904163,1.0],"m_name":"Shoulder_r","m_parent_index":36},{"m_binding_pose":{"m_location":{"x":-0.06505544483661652,"y":0.04464425519108772,"z":-0.12660253047943115},"m_rotate":{"w":-0.6336901783943176,"x":0.07836359739303589,"y":0.0647537112236023,"z":0.7668786644935608},"m_scale":{"x":1.0,"y":1.0,"z":1.0}},"m_index":50,"m_inverse_T_matrix":[0.024542510509490967,0.999686062335968,-0.0050687119364738464,0.0,0.9790247082710266,-0.025060653686523438,-0.20219482481479645,0.0,-0.20225834846496582,0.0,-0.979332447052002,0.0,-1.2039843797683716,0.3055192232131958,0.36797821521759033,1.0],"m_name":"FrontGarment01_r","m_parent_index":49},{"m_binding_pose":{"m_location":{"x":-0.41093552112579346,"y":-5.868089374416741e-07,"z":1.31656861412921e-07},"m_rotate":{"w":-0.9975147247314453,"x":-0.013630079105496407,"y":-0.0077607459388673306,"z":-0.06869034469127655},"m_scale":{"x":1.0,"y":1.0,"z":1.0}},"m_index":51,"m_inverse_T_matrix":[0.16158461570739746,0.9863795042037964,-0.030758298933506012,0.0,0.9689804315567017,-0.16448628902435303,-0.1844492107629776,0.0,-0.1869962215423584,-1.4901161193847656e-08,-0.98236083984375,0.0,-0.7485449910163879,0.4214326739311218,0.34605124592781067,1.0],"m_name":"FrontGarment02_r","m_parent_index":50},{"m_binding_pose":{"m_location":{"x":-0.4161011874675751,"y":6.100934228925325e-07,"z":3.428976071973011e-07},"m_rotate":{"w":-0.9999819397926331,"x":-0.0006605079397559166,"y":0.004943801090121269,"z":-0.003378872526809573},"m_scale":{"x":1.0,"y":1.0,"z":1.0}},"m_index":52,"m_inverse_T_matrix":[0.1679280400276184,0.9852234721183777,-0.033689647912979126,0.0,0.965975821018219,-0.17127418518066406,-0.1937936246395111,0.0,-0.19670018553733826,0.0,-0.9804637432098389,0.0,-0.32615163922309875,0.42411619424819946,0.3487483859062195,1.0],"m_name":"FrontGarment03_r","m_parent_index":51},{"m_binding_pose":{"m_location":{"x":0.015543748624622822,"y":0.01799158938229084,"z":0.1513034552335739},"m_rotate":{"w":-0.7040733695030212,"x":-0.09327222406864166,"y":-0.0941305160522461,"z":0.6976535320281982},"m_scale":{"x":1.0,"y":1.0,"z":1.0}},"m_index":53,"m_inverse_T_matrix":[0.21418392658233643,0.9750513434410095,0.05831260234117508,0.0,0.940807044506073,-0.22198033332824707,0.2561391294002533,0.0,0.26269301772117615,-2.9802322387695313e-08,-0.9648798704147339,0.0,-1.1115931272506714,0.46669161319732666,-0.46954748034477234,1.0],"m_name":"RearGarment01_r","m_parent_index":49},{"m_binding_pose":{"m_location":{"x":-0.3618283271789551,"y":-1.2689037021118565e-06,"z":1.2802078117601923e-06},"m_rotate":{"w":-0.9999226927757263,"x":0.0032589908223599195,"y":-0.001586690777912736,"z":-0.011895868927240372},"m_scale":{"x":1.0,"y":1.0,"z":1.0}},"m_index":54,"m_inverse_T_matrix":[0.2371188998222351,0.9692792296409607,0.06536579132080078,0.0,0.9344248175621033,-0.2459639310836792,0.2575896382331848,0.0,0.2657538652420044,-1.4901161193847656e-08,-0.9640413522720337,0.0,-0.7369246482849121,0.48743799328804016,-0.4687982201576233,1.0],"m_name":"RearGarment02_r","m_parent_index":53},{"m_binding_pose":{"m_location":{"x":-0.4022473692893982,"y":-4.524052599208517e-07,"z":-8.08817333108891e-07},"m_rotate":{"w":-0.9980502128601074,"x":-0.008643864654004574,"y":0.04832680523395538,"z":0.03854532539844513},"m_scale":{"x":1.0,"y":1.0,"z":1.0}},"m_index":55,"m_inverse_T_matrix":[0.16618233919143677,0.98567134141922,0.028906092047691345,0.0,0.9710902571678162,-0.1686776876449585,0.1689133644104004,0.0,0.17136886715888977,-1.4901161193847656e-08,-0.9852070808410645,0.0,-0.4149405062198639,0.45061129331588745,-0.4406241476535797,1.0],"m_name":"RearGarment03_r","m_parent_index":54},{"m_binding_pose":{"m_location":{"x":-0.4225704073905945,"y":7.419536700581375e-07,"z":6.012922426634759e-07},"m_rotate":{"w":-0.9999615550041199,"x":-0.0007257549441419542,"y":-0.007774940226227045,"z":0.003988468088209629},"m_scale":{"x":1.0,"y":1.0,"z":1.0}},"m_index":56,"m_inverse_T_matrix":[0.1578560471534729,0.987006664276123,0.02999383956193924,0.0,0.9696581363677979,-0.1606806516647339,0.18424221873283386,0.0,0.18666768074035645,-7.450580596923828e-09,-0.9824234247207642,0.0,0.010893477126955986,0.4500443935394287,-0.4411344528198242,1.0],"m_name":"RearGarment04_r","m_parent_index":55},{"m_binding_pose":{"m_location":{"x":-0.20547212660312653,"y":-0.007938545197248459,"z":0.006563559640198946},"m_rotate":{"w":-0.9942443370819092,"x":1.7088946608129943e-31,"y":2.549024705125346e-31,"z":0.10713642835617065},"m_scale":{"x":1.0,"y":1.0,"z":1.0}},"m_index":57,"m_inverse_T_matrix":[1.0,-1.7602630464352842e-08,-8.700393294702735e-09,0.0,-1.7602630464352842e-08,-1.0,2.990022007764992e-09,0.0,-8.700393294702735e-09,-2.990022007764992e-09,-1.0,0.0,0.40000006556510925,1.3420802354812622,-0.016309108585119247,1.0],"m_name":"ShoulderPad_r","m_parent_index":49},{"m_binding_pose":{"m_location":{"x":-0.03230826184153557,"y":-0.1313316971063614,"z":-0.00808217003941536},"m_rotate":{"w":-0.9954012632369995,"x":-0.0850328579545021,"y":-0.013964023441076279,"z":-0.04184413701295853},"m_scale":{"x":1.0,"y":1.0,"z":1.0}},"m_index":58,"m_inverse_T_matrix":[-0.08567821979522705,-0.9820369482040405,0.16811497509479523,0.0,0.9962430000305176,-0.0823068618774414,0.02693352848291397,0.0,-0.012612700462341309,0.16979098320007324,0.9853993654251099,0.0,-0.7029330134391785,0.18986010551452637,-0.03038433939218521,1.0],"m_name":"thigh_l","m_parent_index":2},{"m_binding_pose":{"m_location":{"x":-0.2741812765598297,"y":-0.003230171976611018,"z":0.005424722097814083},"m_rotate":{"w":-0.9997254610061646,"x":0.020611761137843132,"y":0.010757777839899063,"z":0.0029364789370447397},"m_scale":{"x":1.0,"y":1.0,"z":1.0}},"m_index":59,"m_inverse_T_matrix":[-0.07669007778167725,-0.9886444211006165,0.12923181056976318,0.0,0.9970245957374573,-0.07705271244049072,0.002198919653892517,0.0,0.007783710956573486,0.12901592254638672,0.9916119575500488,0.0,-0.43046775460243225,0.1916888952255249,-0.018630074337124825,1.0],"m_name":"calf_l","m_parent_index":58},{"m_binding_pose":{"m_location":{"x":-0.34662070870399475,"y":-0.012315945699810982,"z":-0.03020200878381729},"m_rotate":{"w":-0.9969705939292908,"x":0.06894170492887497,"y":-0.00219617853872478,"z":0.035942185670137405},"m_scale":{"x":1.0,"y":1.0,"z":1.0}},"m_index":60,"m_inverse_T_matrix":[-0.005264401435852051,-0.9999502301216125,-0.008462420664727688,0.0,0.9999856352806091,-0.005272269248962402,0.0009051612578332424,0.0,-0.000949733192101121,-0.00845753401517868,0.9999637603759766,0.0,-0.09830506145954132,0.19396232068538666,0.03869058936834335,1.0],"m_name":"foot_l","m_parent_index":59},{"m_binding_pose":{"m_location":{"x":-0.06847696006298065,"y":-0.007757438812404871,"z":0.16243235766887665},"m_rotate":{"w":-0.7041445374488831,"x":-0.0030611525289714336,"y":0.710002601146698,"z":0.008212708868086338},"m_scale":{"x":1.0,"y":1.0,"z":1.0}},"m_index":61,"m_inverse_T_matrix":[0.007494807243347168,-0.9999698400497437,-0.002016991376876831,0.0,-0.007353276014328003,0.001961946487426758,-0.9999710321426392,0.0,0.999944806098938,0.007509380578994751,-0.007338285446166992,0.0,-0.12668287754058838,0.19949690997600555,0.03232704475522041,1.0],"m_name":"ball_l","m_parent_index":60},{"m_binding_pose":{"m_location":{"x":-0.03230860456824303,"y":0.13133199512958527,"z":-0.008082153275609016},"m_rotate":{"w":0.01396467350423336,"x":-0.04184454306960106,"y":-0.9954002499580383,"z":0.08504330366849899},"m_scale":{"x":1.0,"y":1.0,"z":1.0}},"m_index":62,"m_inverse_T_matrix":[-0.08567941188812256,-0.982033371925354,0.16813556849956512,0.0,-0.9962430000305176,0.08230733871459961,-0.026935771107673645,0.0,0.012613028287887573,-0.16981171071529388,-0.9853959083557129,0.0,0.7029324769973755,-0.1898605078458786,0.03038874641060829,1.0],"m_name":"thigh_r","m_parent_index":2},{"m_binding_pose":{"m_location":{"x":0.2741810977458954,"y":0.0032298117876052856,"z":-0.005424670875072479},"m_rotate":{"w":-0.9997254610061646,"x":0.020611761137843132,"y":0.010757777839899063,"z":0.0029364789370447397},"m_scale":{"x":1.0,"y":1.0,"z":1.0}},"m_index":63,"m_inverse_T_matrix":[-0.07669079303741455,-0.988641619682312,0.12925253808498383,0.0,-0.9970245361328125,0.07705336809158325,-0.0022011473774909973,0.0,-0.007783200591802597,-0.12903675436973572,-0.9916090965270996,0.0,0.4304674565792084,-0.1916891187429428,0.018634432926774025,1.0],"m_name":"calf_r","m_parent_index":62},{"m_binding_pose":{"m_location":{"x":0.3466205596923828,"y":0.012316448614001274,"z":0.030201967805624008},"m_rotate":{"w":-0.9969698786735535,"x":0.06895218044519424,"y":-0.002195520093664527,"z":0.035942550748586655},"m_scale":{"x":1.0,"y":1.0,"z":1.0}},"m_index":64,"m_inverse_T_matrix":[-0.005264401435852051,-0.9999502897262573,-0.008462435565888882,0.0,-0.9999856948852539,0.005272328853607178,-0.0009051591623574495,0.0,0.0009497308637946844,0.008457549847662449,-0.9999637603759766,0.0,0.09830503165721893,-0.1939627230167389,-0.03869058936834335,1.0],"m_name":"foot_r","m_parent_index":63},{"m_binding_pose":{"m_location":{"x":0.06847690790891647,"y":0.007757462561130524,"z":-0.16243234276771545},"m_rotate":{"w":0.38734400272369385,"x":-0.00023406269610859454,"y":-0.9218935966491699,"z":-0.008761532604694366},"m_scale":{"x":1.0,"y":1.0,"z":1.0}},"m_index":65,"m_inverse_T_matrix":[0.003996610641479492,-0.9999698996543884,-0.006653308868408203,0.0,0.699239194393158,-0.001961827278137207,0.7148851156234741,0.0,-0.714876651763916,-0.007509350776672363,0.6992102861404419,0.0,0.06877891719341278,-0.19949732720851898,-0.11118924617767334,1.0],"m_name":"ball_r","m_parent_index":64},{"m_binding_pose":{"m_location":{"x":0.4060068726539612,"y":0.9342256188392639,"z":-0.02615942619740963},"m_rotate":{"w":-0.7071009874343872,"x":0.0028643396217375994,"y":-0.0028643396217375994,"z":0.7071009874343872},"m_scale":{"x":1.0,"y":1.0,"z":1.0}},"m_index":66,"m_inverse_T_matrix":[1.0,9.64939933512099e-18,0.0,0.0,-9.64939933512099e-18,1.0,0.0,0.0,0.0,0.0,1.0,0.0,0.9342256188392639,-1.1551845073699951,0.025687362998723984,1.0],"m_name":"Weapon","m_parent_index":2}],"m_skin_map":[1,2,3,4,5,6,7,8,9,10,11,12,13,14,15,16,17,18,19,20,21,22,23,24,25,26,27,28,29,30,31,32,33,34,35,36,37,38,39,40,41,42,43,44,45,46,47,48,49,50,51,52,53,54,55,56,57,58,59,60,61,62,63,64,65,66]}
